(5, 17, 1, 178)
(5, 23, 1, 492)
(5, 17, 1, 168)
(5, 21, 1, 527)
(5, 17, 1, 158)
(5, 23, 1, 429)
(6, 21, 2, 332, 111)
(7, 23, 3, 308, 7, 1)
(5, 24, 1, 215)
(5, 21, 1, 392)
(5, 19, 1, 433)
(4, 19, 1, 44)
(5, 21, 1, 391)
(4, 23, 1, 69)
(4, 24, 1, 82)
(5, 21, 1, 442)
(4, 24, 1, 48)
(5, 24, 1, 309)
(5, 24, 1, 435)
(5, 17, 1, 633)
(4, 18, 1, 9)
(5, 23, 1, 196)
(4, 23, 1, 31)
(4, 18, 1, 79)
(5, 24, 1, 455)
(4, 17, 1, 7)
(4, 21, 1, 55)
(7, 23, 2, 206, 226)
(4, 18, 1, 94)
(5, 17, 1, 204)
(4, 25, 1, 87)
(5, 19, 1, 440)
(7, 21, 2, 331, 396)
(5, 24, 1, 214)
(5, 21, 1, 165)
(4, 23, 1, 94)
(5, 19, 1, 146)
(5, 21, 1, 220)
(4, 17, 1, 91)
(5, 21, 1, 621)
(4, 21, 1, 4)
(5, 21, 1, 466)
(5, 23, 1, 363)
(4, 18, 1, 27)
(5, 17, 1, 799)
(5, 23, 1, 314)
(5, 24, 1, 213)
(6, 19, 2, 31, 393)
(5, 23, 1, 307)
(4, 25, 1, 25)
(5, 21, 1, 409)
(5, 17, 1, 712)
(4, 25, 1, 88)
(5, 24, 1, 192)
(4, 23, 1, 12)
(5, 18, 1, 172)
(5, 21, 1, 410)
(5, 24, 1, 208)
(4, 17, 1, 28)
(4, 17, 1, 109)
(19, 17, 15, 131, 5, 46, 68, 55, 120, 86, 113, 72, 48, 49, 16, 4, 67, 8)
(7, 18, 4, 119, 54, 11, 21)
(14, 19, 11, 33, 51, 57, 28, 100, 66, 5, 70, 57, 2, 16)
(8, 20, 5, 28, 11, 12, 42, 31)
(25, 21, 21, 40, 73, 28, 13, 10, 24, 31, 8, 54, 4, 13, 29, 15, 9, 107, 10, 34, 27, 147, 13, 14)
(18, 23, 15, 5, 9, 27, 70, 5, 7, 19, 9, 29, 61, 70, 45, 24, 47, 42)
(15, 24, 10, 18, 83, 194, 18, 59, 42, 10, 14, 283, 13)
(8, 25, 5, 8, 23, 6, 46, 67)
(5, 21, 1, 233)
(8, 24, 4, 407, 24, 26, 28)
(4, 21, 1, 93)
(5, 17, 1, 194)
(5, 19, 1, 255)
(5, 23, 1, 412)
(5, 20, 2, 84, 80)
(5, 23, 1, 326)
(5, 18, 1, 179)
(4, 20, 1, 58)
(5, 20, 1, 165)
(5, 24, 1, 248)
(5, 17, 1, 419)
(5, 24, 1, 398)
(4, 17, 1, 37)
(5, 17, 1, 620)
(4, 18, 1, 29)
(5, 21, 1, 400)
(5, 17, 1, 442)
(4, 23, 1, 56)
(5, 24, 1, 702)
(5, 19, 1, 264)
(5, 23, 1, 350)
(5, 17, 1, 342)
(6, 17, 2, 600, 39)
(5, 24, 1, 770)
(5, 25, 1, 152)
(5, 24, 1, 233)
(5, 21, 1, 653)
(5, 19, 1, 396)
(5, 17, 1, 558)
(5, 21, 1, 513)
(5, 19, 1, 212)
(4, 17, 1, 3)
(5, 17, 1, 207)
(5, 17, 1, 780)
(5, 18, 1, 188)
(4, 21, 1, 24)
(5, 23, 1, 232)
(5, 23, 1, 459)
(7, 24, 3, 45, 36, 679)
(5, 17, 1, 773)
(4, 19, 1, 27)
(5, 21, 1, 696)
(5, 24, 1, 560)
(5, 23, 1, 213)
(5, 24, 1, 562)
(4, 18, 1, 116)
(5, 17, 1, 854)
(5, 24, 1, 647)
(5, 21, 1, 325)
(4, 23, 1, 100)
(5, 23, 1, 433)
(5, 23, 1, 488)
(5, 24, 1, 714)
(5, 24, 1, 234)
(5, 21, 1, 662)
(7, 19, 2, 195, 240)
(5, 23, 1, 496)
(5, 24, 1, 278)
(5, 21, 1, 597)
(5, 17, 1, 686)
(4, 20, 1, 18)
(4, 25, 1, 99)
(6, 21, 2, 485, -405)
(5, 24, 1, 284)
(4, 25, 1, 15)
(5, 23, 1, 347)
(8, 17, 3, 63, 233, 175)
(5, 17, 1, 781)
(4, 18, 1, 92)
(5, 19, 1, 197)
(5, 19, 1, 240)
(5, 21, 1, 398)
(6, 21, 2, 602, 7)
(7, 24, 3, 117, 72, 298)
(5, 21, 1, 484)
(4, 20, 1, 60)
(15, 17, 7, 504, 160, -570, 335, -427, 462, 247)
(4, 23, 1, 47)
(5, 24, 1, 695)
(5, 17, 1, 472)
(5, 19, 1, 288)
(7, 17, 2, 166, 543)
(5, 19, 1, 427)
(5, 18, 1, 150)
(7, 23, 3, 34, 285, 27)
(4, 20, 1, 113)
(4, 25, 1, 41)
(5, 24, 1, 502)
(7, 17, 2, 518, 149)
(4, 19, 1, 72)
(7, 21, 3, 25, 177, 75)
(5, 21, 1, 377)
(5, 21, 1, 483)
(5, 21, 1, 590)
(5, 23, 1, 303)
(10, 24, 5, 408, 171, 14, 15, 105)
(5, 23, 1, 245)
(4, 19, 1, 76)
(19, 17, 15, 41, 18, 17, 7, 89, 26, 143, 56, 126, 18, 75, 31, 114, 25, 80)
(5, 17, 1, 899)
(4, 18, 1, 35)
(5, 18, 2, 45, 19)
(15, 19, 12, 17, 58, 5, 14, 72, 81, 5, 21, 75, 6, 26, 73)
(7, 20, 4, 22, 81, 26, 40)
(21, 21, 17, 18, 14, 16, 41, 37, 48, 138, 91, 74, 9, 7, 53, 3, 25, 11, 78, 61)
(12, 23, 9, 95, 32, 9, 21, 34, 111, 100, 19, 52)
(18, 24, 15, 26, 33, 9, 20, 28, 10, 33, 73, 98, 35, 48, 23, 103, 7, 90)
(8, 25, 5, 46, 13, 20, 53, 22)
(5, 23, 1, 407)
(5, 24, 1, 243)
(4, 17, 1, 67)
(6, 21, 2, 591, -56)
(5, 24, 1, 712)
(4, 25, 1, 70)
(4, 24, 1, 20)
(5, 21, 1, 509)
(4, 25, 1, 96)
(8, 17, 3, 894, -474, 304)
(5, 21, 1, 183)
(6, 24, 2, 661, 35)
(5, 17, 1, 844)
(5, 21, 1, 355)
(5, 23, 1, 224)
(5, 24, 1, 274)
(5, 17, 1, 643)
(4, 20, 1, 97)
(5, 21, 1, 290)
(8, 17, 3, 140, 79, 466)
(4, 20, 1, 17)
(6, 21, 2, 262, 77)
(5, 21, 1, 359)
(5, 23, 1, 406)
(8, 24, 3, 171, 189, -26)
(5, 17, 1, 500)
(5, 24, 1, 587)
(5, 20, 1, 163)
(5, 17, 1, 746)
(4, 23, 1, 118)
(5, 23, 1, 155)
(5, 23, 1, 392)
(5, 21, 1, 318)
(5, 19, 1, 360)
(5, 24, 1, 703)
(7, 21, 2, 450, 134)
(7, 17, 2, 756, 135)
(7, 20, 3, 9, 12, 145)
(9, 17, 4, 32, 311, 2, 172)
(5, 18, 1, 183)
(5, 20, 2, 79, 74)
(5, 21, 1, 129)
(7, 21, 2, 150, 538)
(6, 23, 2, 4, 375)
(4, 24, 1, 40)
(4, 25, 1, 30)
(6, 23, 2, 452, -402)
(5, 24, 1, 585)
(4, 19, 1, 59)
(6, 17, 2, 187, 127)
(9, 17, 3, 492, 195, 153)
(5, 17, 1, 855)
(10, 19, 6, 193, 45, 119, 4, 62, 58)
(4, 20, 1, 19)
(11, 21, 7, 81, 96, 10, 97, 70, 146, 54)
(4, 23, 1, 77)
(4, 23, 1, 81)
(5, 23, 1, 264)
(5, 23, 1, 289)
(6, 24, 2, 3, 179)
(6, 25, 3, 13, 87, 2)
(7, 17, 2, 503, 191)
(5, 21, 1, 163)
(5, 19, 1, 168)
(5, 17, 1, 742)
(5, 21, 1, 323)
(6, 17, 2, 453, -428)
(5, 21, 1, 622)
(8, 23, 3, 266, 144, -351)
(5, 24, 1, 377)
(6, 19, 2, 312, 59)
(4, 20, 1, 110)
(5, 24, 1, 158)
(5, 19, 1, 191)
(5, 23, 1, 320)
(7, 19, 2, 185, 257)
(4, 17, 1, 120)
(6, 19, 2, 277, 12)
(5, 21, 1, 381)
(5, 23, 1, 209)
(5, 17, 1, 218)
(5, 17, 1, 750)
(5, 23, 1, 396)
(5, 17, 1, 830)
(4, 25, 1, 105)
(4, 25, 1, 58)
(5, 19, 1, 220)
(4, 20, 1, 14)
(5, 24, 1, 511)
(5, 19, 1, 432)
(5, 19, 1, 406)
(5, 23, 1, 280)
(4, 25, 1, 124)
(5, 17, 1, 193)
(5, 17, 1, 247)
(5, 17, 1, 486)
(5, 17, 1, 506)
(6, 17, 2, 657, 110)
(6, 17, 2, 827, 24)
(5, 18, 1, 202)
(5, 19, 1, 129)
(4, 20, 1, 50)
(5, 21, 1, 265)
(5, 21, 1, 578)
(5, 23, 1, 150)
(5, 23, 1, 167)
(5, 23, 1, 451)
(5, 24, 1, 352)
(5, 24, 1, 553)
(4, 17, 1, 126)
(5, 24, 1, 388)
(4, 23, 1, 70)
(5, 17, 1, 213)
(5, 17, 1, 641)
(5, 17, 1, 862)
(5, 24, 1, 153)
(4, 23, 1, 108)
(5, 17, 1, 474)
(4, 18, 1, 83)
(4, 19, 1, 8)
(7, 21, 2, 310, 359)
(5, 23, 1, 239)
(6, 24, 2, 39, 329)
(4, 21, 1, 117)
(5, 17, 1, 203)
(7, 19, 2, 153, 143)
(4, 20, 1, 32)
(4, 23, 1, 114)
(7, 19, 2, 157, 262)
(4, 21, 1, 105)
(5, 24, 1, 240)
(5, 24, 1, 294)
(7, 21, 2, 472, 256)
(5, 23, 1, 337)
(5, 19, 1, 262)
(5, 21, 1, 523)
(5, 18, 2, 126, 8)
(6, 23, 2, 176, 22)
(8, 19, 4, 1, 286, 86, 118)
(5, 17, 1, 188)
(4, 20, 1, 118)
(5, 24, 1, 754)
(4, 17, 1, 38)
(4, 21, 1, 29)
(4, 25, 1, 90)
(5, 21, 1, 170)
(6, 17, 2, 293, -114)
(5, 23, 1, 470)
(5, 19, 1, 223)
(5, 17, 1, 674)
(5, 21, 1, 412)
(5, 23, 1, 181)
(4, 24, 1, 85)
(5, 23, 1, 353)
(4, 20, 1, 127)
(4, 25, 1, 38)
(5, 24, 1, 750)
(5, 19, 2, 125, 82)
(4, 18, 1, 110)
(5, 23, 1, 211)
(4, 18, 1, 75)
(5, 19, 1, 342)
(6, 24, 2, 69, 667)
(5, 20, 1, 130)
(4, 21, 1, 61)
(5, 23, 2, 128, -29)
(5, 24, 1, 748)
(5, 19, 1, 205)
(5, 17, 1, 209)
(5, 17, 1, 468)
(5, 17, 1, 396)
(5, 18, 1, 209)
(5, 21, 1, 134)
(5, 19, 1, 136)
(5, 24, 1, 727)
(4, 25, 1, 120)
(5, 25, 1, 151)
(5, 24, 1, 526)
(4, 25, 1, 75)
(5, 18, 2, 124, 79)
(5, 23, 1, 218)
(4, 20, 1, 44)
(4, 21, 1, 122)
(5, 24, 1, 566)
(5, 24, 1, 634)
(5, 18, 1, 140)
(4, 23, 1, 11)
(4, 23, 1, 33)
(4, 23, 1, 71)
(5, 23, 1, 212)
(5, 23, 1, 231)
(5, 23, 1, 317)
(6, 23, 2, 383, 52)
(5, 23, 1, 465)
(4, 23, 1, 61)
(4, 23, 1, 97)
(6, 23, 2, 170, 98)
(5, 17, 1, 382)
(7, 21, 3, 120, 371, -251)
(5, 24, 1, 507)
(4, 17, 1, 82)
(7, 17, 3, 114, 14, 131)
(8, 17, 3, 524, 29, 312)
(5, 24, 1, 540)
(5, 17, 1, 208)
(15, 17, 9, 236, 81, 51, 99, 126, -403, 345, 225, 25)
(6, 21, 2, 684, 29)
(4, 24, 1, 6)
(7, 17, 2, 145, 230)
(4, 19, 1, 95)
(5, 23, 1, 462)
(5, 21, 1, 726)
(5, 21, 1, 691)
(4, 17, 1, 73)
(5, 17, 1, 197)
(5, 23, 1, 335)
(5, 17, 1, 669)
(5, 19, 1, 237)
(5, 25, 1, 129)
(4, 23, 1, 120)
(11, 19, 7, 61, 44, 72, 57, 46, 131, 52)
(7, 17, 3, 21, 317, 40)
(8, 19, 3, 52, 130, 225)
(10, 21, 5, 304, 25, 235, 73, 45)
(9, 23, 4, 32, 129, 121, 164)
(5, 24, 1, 225)
(5, 24, 1, 337)
(5, 24, 1, 517)
(5, 24, 1, 618)
(5, 24, 1, 698)
(5, 21, 1, 218)
(4, 17, 1, 106)
(5, 17, 1, 308)
(5, 17, 1, 380)
(5, 17, 1, 461)
(5, 17, 1, 510)
(5, 17, 1, 751)
(5, 21, 1, 161)
(9, 21, 4, 408, 193, 105, 26)
(7, 23, 3, 296, 112, 14)
(8, 24, 4, 222, 22, 110, 66)
(5, 19, 1, 460)
(5, 17, 1, 225)
(7, 21, 3, 110, 347, 111)
(5, 23, 1, 474)
(7, 17, 3, 70, 620, 105)
(5, 21, 1, 249)
(5, 24, 2, 96, 71)
(5, 20, 1, 132)
(5, 21, 1, 494)
(5, 19, 1, 450)
(4, 23, 1, 82)
(5, 17, 1, 325)
(5, 17, 1, 587)
(5, 21, 1, 184)
(5, 24, 1, 155)
(5, 23, 1, 295)
(5, 21, 1, 328)
(5, 24, 1, 314)
(5, 21, 1, 459)
(6, 17, 2, 714, 87)
(5, 24, 1, 210)
(5, 18, 1, 162)
(5, 21, 1, 654)
(5, 17, 1, 701)
(4, 20, 1, 125)
(4, 18, 1, 4)
(5, 24, 1, 470)
(7, 17, 2, 402, 444)
(4, 19, 1, 78)
(6, 19, 2, 367, 117)
(4, 23, 1, 53)
(5, 19, 1, 254)
(5, 24, 1, 520)
(5, 24, 1, 719)
(4, 25, 1, 2)
(4, 25, 1, 6)
(6, 25, 3, 69, 46, 31)
(5, 24, 1, 561)
(5, 24, 1, 747)
(4, 25, 1, 45)
(5, 24, 1, 198)
(5, 19, 1, 219)
(5, 25, 2, 17, 63)
(4, 25, 1, 109)
(5, 19, 1, 154)
(5, 19, 1, 244)
(4, 21, 1, 8)
(5, 19, 1, 283)
(4, 19, 1, 100)
(5, 17, 1, 661)
(5, 19, 1, 320)
(5, 21, 1, 320)
(6, 24, 2, 168, 93)
(5, 24, 1, 292)
(5, 21, 1, 366)
(4, 24, 1, 74)
(5, 24, 1, 429)
(5, 23, 1, 285)
(7, 19, 2, 272, 180)
(4, 19, 1, 86)
(4, 25, 1, 127)
(5, 18, 1, 168)
(5, 19, 1, 353)
(5, 21, 1, 659)
(5, 21, 1, 510)
(4, 20, 1, 43)
(5, 21, 1, 243)
(6, 17, 2, 337, -89)
(6, 18, 2, 163, 44)
(5, 23, 1, 430)
(5, 17, 1, 539)
(5, 24, 1, 589)
(4, 18, 1, 39)
(4, 19, 1, 68)
(7, 19, 3, 293, 105, 79)
(5, 24, 1, 722)
(6, 21, 2, 464, -158)
(5, 23, 1, 288)
(5, 17, 1, 533)
(5, 24, 1, 709)
(5, 17, 1, 288)
(6, 24, 2, 73, 345)
(6, 21, 2, 2, 627)
(5, 24, 1, 472)
(5, 17, 1, 381)
(5, 17, 1, 430)
(5, 21, 1, 370)
(5, 23, 1, 184)
(6, 24, 2, 221, -211)
(5, 17, 1, 683)
(5, 17, 1, 728)
(5, 17, 1, 436)
(5, 21, 1, 644)
(5, 24, 1, 163)
(5, 21, 1, 522)
(4, 20, 1, 35)
(4, 20, 1, 121)
(5, 23, 1, 164)
(5, 19, 1, 457)
(7, 17, 2, 161, 737)
(4, 19, 1, 83)
(5, 17, 1, 505)
(5, 17, 1, 588)
(6, 17, 2, 765, 84)
(4, 19, 1, 89)
(6, 24, 2, 506, 61)
(4, 25, 1, 93)
(5, 17, 1, 834)
(5, 23, 1, 236)
(5, 23, 1, 370)
(5, 21, 1, 190)
(5, 21, 1, 303)
(5, 19, 1, 428)
(4, 19, 1, 79)
(4, 19, 1, 85)
(5, 17, 1, 792)
(5, 17, 1, 738)
(5, 21, 1, 213)
(4, 19, 1, 34)
(4, 17, 1, 68)
(5, 18, 1, 176)
(5, 21, 1, 344)
(5, 17, 1, 366)
(5, 23, 1, 256)
(4, 25, 1, 42)
(4, 19, 1, 36)
(5, 17, 1, 675)
(5, 19, 1, 347)
(5, 21, 1, 652)
(5, 17, 1, 810)
(5, 21, 1, 674)
(4, 25, 1, 66)
(5, 23, 1, 414)
(5, 19, 1, 152)
(4, 20, 1, 16)
(5, 21, 1, 275)
(5, 23, 1, 139)
(5, 24, 1, 762)
(10, 17, 6, 339, 22, 42, 30, 50, 13)
(6, 17, 2, 542, 34)
(8, 17, 3, 608, 239, 13)
(4, 21, 1, 102)
(4, 23, 1, 37)
(5, 23, 1, 234)
(5, 23, 1, 464)
(4, 17, 1, 90)
(4, 23, 1, 68)
(4, 23, 1, 93)
(4, 19, 1, 98)
(4, 17, 1, 6)
(5, 17, 1, 271)
(4, 19, 1, 114)
(5, 24, 1, 353)
(5, 17, 1, 391)
(5, 24, 1, 357)
(4, 23, 1, 6)
(5, 24, 1, 490)
(5, 24, 1, 522)
(5, 24, 1, 557)
(5, 17, 1, 491)
(4, 23, 1, 124)
(4, 25, 1, 73)
(4, 24, 1, 90)
(4, 25, 1, 101)
(5, 17, 1, 306)
(5, 24, 1, 744)
(5, 20, 1, 157)
(4, 18, 1, 99)
(5, 17, 1, 398)
(5, 21, 1, 452)
(5, 24, 1, 312)
(5, 21, 1, 729)
(5, 17, 1, 815)
(6, 21, 2, 666, -118)
(5, 18, 1, 186)
(5, 21, 1, 152)
(5, 17, 1, 196)
(4, 18, 1, 50)
(5, 24, 1, 494)
(4, 21, 1, 83)
(5, 21, 1, 607)
(5, 21, 1, 142)
(6, 23, 2, 130, -88)
(8, 17, 3, 112, 368, 259)
(5, 17, 1, 870)
(5, 17, 1, 777)
(5, 17, 1, 460)
(6, 17, 2, 15, 378)
(5, 17, 1, 358)
(5, 17, 1, 160)
(4, 17, 1, 27)
(5, 24, 1, 497)
(4, 18, 1, 67)
(4, 19, 1, 55)
(5, 21, 1, 268)
(4, 23, 1, 72)
(5, 21, 1, 234)
(5, 24, 1, 550)
(5, 24, 1, 728)
(5, 17, 1, 900)
(5, 18, 1, 136)
(5, 17, 1, 452)
(5, 17, 1, 627)
(5, 17, 1, 572)
(5, 23, 1, 159)
(4, 19, 1, 91)
(5, 21, 1, 419)
(5, 24, 2, 77, 31)
(5, 23, 1, 154)
(5, 24, 1, 491)
(5, 17, 1, 726)
(5, 17, 1, 589)
(5, 17, 1, 255)
(5, 17, 1, 719)
(5, 19, 1, 412)
(5, 24, 1, 597)
(5, 24, 1, 172)
(4, 23, 1, 2)
(5, 23, 1, 273)
(5, 19, 1, 472)
(8, 21, 3, 201, 96, 442)
(5, 17, 1, 316)
(4, 19, 1, 14)
(5, 23, 1, 476)
(5, 19, 1, 362)
(5, 23, 1, 301)
(4, 25, 1, 43)
(5, 19, 1, 415)
(4, 21, 1, 128)
(4, 18, 1, 80)
(5, 19, 1, 201)
(5, 17, 1, 592)
(6, 19, 2, 15, 296)
(5, 21, 1, 611)
(6, 23, 2, 444, 51)
(5, 19, 1, 217)
(5, 17, 1, 346)
(5, 17, 1, 509)
(5, 17, 1, 783)
(5, 23, 1, 375)
(5, 19, 1, 151)
(5, 24, 1, 201)
(5, 24, 1, 394)
(5, 24, 1, 175)
(5, 23, 1, 251)
(4, 21, 1, 66)
(4, 21, 1, 108)
(5, 21, 1, 195)
(5, 21, 1, 440)
(6, 21, 2, 505, 36)
(5, 17, 1, 845)
(5, 23, 1, 424)
(5, 21, 1, 737)
(5, 19, 1, 414)
(4, 17, 1, 47)
(5, 19, 1, 321)
(6, 25, 3, 18, 63, 29)
(5, 24, 1, 666)
(5, 17, 1, 312)
(5, 21, 1, 624)
(4, 23, 1, 38)
(4, 19, 1, 82)
(4, 18, 1, 62)
(5, 19, 1, 309)
(4, 20, 1, 99)
(5, 19, 1, 370)
(5, 17, 1, 594)
(5, 24, 1, 535)
(5, 17, 1, 519)
(5, 18, 1, 131)
(6, 19, 2, 13, 279)
(4, 20, 1, 24)
(4, 24, 1, 71)
(5, 24, 1, 259)
(5, 24, 1, 369)
(7, 21, 2, 144, 134)
(5, 21, 1, 157)
(6, 17, 2, 22, 424)
(5, 17, 1, 596)
(5, 17, 1, 889)
(4, 17, 1, 45)
(5, 19, 1, 245)
(5, 24, 1, 706)
(7, 17, 2, 327, 343)
(4, 23, 1, 96)
(5, 23, 1, 283)
(5, 17, 1, 261)
(5, 17, 1, 874)
(5, 24, 1, 462)
(5, 19, 1, 456)
(5, 21, 1, 571)
(5, 24, 1, 594)
(4, 20, 1, 45)
(4, 24, 1, 17)
(5, 17, 1, 240)
(5, 17, 1, 823)
(4, 18, 1, 77)
(5, 24, 1, 450)
(5, 21, 1, 378)
(5, 23, 1, 194)
(5, 17, 1, 828)
(5, 17, 1, 852)
(5, 23, 1, 329)
(5, 18, 1, 196)
(5, 24, 1, 564)
(5, 17, 1, 757)
(4, 19, 1, 103)
(5, 23, 1, 481)
(5, 24, 1, 206)
(4, 23, 1, 66)
(7, 24, 2, 246, 376)
(4, 24, 1, 119)
(5, 24, 1, 591)
(4, 25, 1, 104)
(5, 18, 1, 195)
(5, 17, 1, 328)
(5, 19, 1, 338)
(5, 23, 1, 415)
(5, 24, 1, 347)
(5, 24, 1, 657)
(5, 17, 1, 606)
(6, 21, 2, 731, -298)
(10, 19, 4, 142, 17, 177, 134)
(5, 21, 2, 41, 114)
(4, 23, 1, 112)
(5, 17, 1, 387)
(4, 18, 1, 113)
(5, 24, 1, 415)
(5, 24, 1, 157)
(4, 21, 1, 104)
(7, 21, 2, 337, 279)
(5, 19, 1, 464)
(5, 23, 1, 487)
(4, 24, 1, 91)
(5, 17, 1, 879)
(7, 21, 2, 139, 175)
(4, 18, 1, 127)
(5, 21, 1, 280)
(5, 21, 1, 180)
(6, 21, 2, 266, 87)
(8, 17, 4, 10, 39, 784, 5)
(5, 19, 1, 164)
(5, 19, 1, 403)
(4, 20, 1, 72)
(4, 21, 1, 96)
(4, 23, 1, 64)
(5, 19, 1, 331)
(4, 25, 1, 3)
(5, 25, 2, 85, -37)
(5, 21, 1, 388)
(5, 24, 1, 152)
(5, 17, 1, 183)
(5, 17, 1, 202)
(5, 17, 1, 239)
(5, 17, 1, 883)
(4, 18, 1, 58)
(5, 19, 1, 382)
(5, 17, 1, 691)
(9, 23, 4, 172, -148, 184, -70)
(5, 18, 1, 210)
(5, 19, 1, 486)
(4, 17, 1, 113)
(5, 17, 1, 181)
(6, 17, 2, 489, 45)
(5, 17, 1, 679)
(8, 17, 3, 692, 35, 137)
(4, 18, 1, 78)
(5, 18, 2, 111, 18)
(6, 18, 2, 141, 5)
(5, 19, 2, 10, 19)
(4, 19, 1, 65)
(7, 19, 3, 108, 12, 143)
(4, 20, 1, 57)
(6, 21, 2, 49, 643)
(7, 23, 3, 91, 92, 185)
(5, 24, 1, 275)
(6, 24, 2, 306, 80)
(5, 24, 1, 395)
(5, 24, 1, 451)
(5, 24, 1, 576)
(8, 24, 4, 602, 82, 10, 26)
(5, 24, 1, 737)
(5, 24, 1, 771)
(4, 25, 1, 106)
(4, 17, 1, 20)
(5, 17, 1, 210)
(5, 17, 1, 254)
(5, 17, 1, 265)
(5, 17, 1, 360)
(5, 17, 1, 427)
(8, 17, 3, 469, 13, 377)
(8, 21, 3, 394, 22, 291)
(5, 17, 1, 684)
(6, 21, 2, 31, 503)
(5, 23, 1, 359)
(5, 19, 1, 257)
(6, 24, 2, 383, -202)
(5, 18, 1, 153)
(5, 24, 1, 289)
(5, 23, 1, 468)
(5, 21, 1, 579)
(4, 18, 1, 118)
(5, 19, 1, 253)
(4, 21, 1, 84)
(18, 17, 12, 84, 432, 46, 22, 291, -576, 91, 91, 9, -128, 122, 377)
(5, 21, 1, 436)
(4, 19, 1, 51)
(10, 17, 5, 349, 34, 43, 336, 25)
(5, 21, 1, 709)
(5, 23, 1, 366)
(7, 20, 4, 78, 29, 9, 38)
(5, 24, 1, 410)
(5, 23, 1, 286)
(10, 17, 5, 65, 56, 160, 73, 345)
(5, 18, 1, 158)
(6, 20, 3, 112, 33, 16)
(5, 21, 1, 382)
(5, 21, 1, 422)
(5, 21, 1, 504)
(5, 21, 1, 627)
(5, 23, 1, 479)
(4, 24, 1, 29)
(4, 24, 1, 120)
(5, 24, 1, 478)
(5, 19, 1, 174)
(5, 19, 1, 202)
(4, 18, 1, 76)
(4, 19, 1, 49)
(4, 24, 1, 13)
(5, 25, 2, 89, -85)
(5, 17, 1, 697)
(5, 19, 1, 325)
(5, 24, 1, 296)
(4, 25, 1, 60)
(7, 21, 2, 251, 447)
(4, 18, 1, 18)
(5, 19, 1, 163)
(5, 23, 1, 257)
(5, 17, 1, 340)
(5, 17, 1, 404)
(11, 17, 6, 497, 46, 34, 32, 239, -414)
(5, 21, 1, 375)
(5, 24, 1, 317)
(8, 21, 3, 499, -363, 333)
(5, 17, 1, 137)
(5, 17, 1, 689)
(8, 17, 3, 655, 52, 160)
(4, 19, 1, 16)
(5, 23, 1, 204)
(5, 20, 1, 143)
(7, 24, 3, 125, 507, -436)
(5, 21, 1, 525)
(6, 23, 2, 399, 68)
(8, 17, 3, 597, 306, -281)
(5, 24, 1, 149)
(6, 21, 2, 263, -74)
(5, 17, 1, 142)
(5, 18, 1, 147)
(5, 17, 1, 351)
(4, 21, 1, 44)
(7, 17, 2, 152, 478)
(5, 21, 1, 655)
(5, 24, 1, 476)
(5, 24, 1, 146)
(4, 18, 1, 52)
(5, 17, 1, 598)
(5, 17, 1, 904)
(4, 18, 1, 15)
(5, 23, 1, 490)
(5, 19, 1, 130)
(5, 23, 1, 454)
(7, 17, 3, 680, 37, 32)
(6, 21, 2, 88, 399)
(4, 23, 1, 43)
(5, 21, 1, 279)
(5, 19, 1, 366)
(5, 21, 1, 424)
(5, 19, 1, 399)
(5, 17, 1, 580)
(5, 21, 1, 229)
(4, 21, 1, 23)
(5, 21, 1, 413)
(4, 21, 1, 124)
(4, 23, 1, 10)
(7, 17, 3, 115, 15, 244)
(5, 18, 1, 198)
(4, 19, 1, 7)
(5, 19, 1, 392)
(5, 21, 1, 309)
(5, 21, 1, 368)
(6, 21, 2, 538, 12)
(5, 23, 1, 385)
(6, 24, 2, 228, 115)
(4, 25, 1, 116)
(4, 18, 1, 101)
(5, 24, 1, 444)
(5, 17, 1, 604)
(4, 21, 1, 47)
(5, 23, 1, 152)
(4, 24, 1, 28)
(5, 21, 1, 722)
(5, 19, 2, 5, 48)
(5, 24, 1, 281)
(5, 23, 1, 163)
(5, 17, 1, 850)
(4, 17, 1, 103)
(4, 18, 1, 81)
(6, 17, 2, 165, 46)
(5, 17, 1, 473)
(5, 17, 1, 498)
(5, 17, 1, 640)
(4, 18, 1, 82)
(5, 21, 1, 668)
(7, 23, 3, 35, 298, 51)
(8, 24, 3, 34, 424, 163)
(5, 25, 1, 147)
(5, 17, 1, 582)
(5, 17, 1, 174)
(5, 17, 1, 262)
(5, 17, 1, 570)
(5, 17, 1, 789)
(4, 19, 1, 56)
(5, 21, 1, 270)
(5, 21, 1, 714)
(4, 23, 1, 23)
(5, 23, 1, 238)
(7, 24, 3, 64, 303, 4)
(4, 19, 1, 127)
(7, 17, 2, 417, 151)
(4, 18, 1, 117)
(4, 19, 1, 63)
(5, 20, 2, 46, 34)
(11, 21, 6, 257, 51, 155, 102, 22, 55)
(5, 23, 1, 275)
(5, 23, 1, 332)
(6, 23, 2, 341, 8)
(5, 23, 1, 398)
(5, 23, 1, 449)
(5, 24, 1, 227)
(5, 24, 1, 581)
(6, 21, 2, 385, 111)
(5, 23, 1, 372)
(5, 23, 1, 388)
(5, 21, 1, 167)
(5, 23, 1, 259)
(5, 21, 1, 519)
(7, 19, 3, 365, -195, 17)
(5, 21, 1, 715)
(5, 24, 1, 242)
(5, 21, 1, 556)
(5, 23, 1, 277)
(5, 21, 1, 205)
(9, 17, 4, 13, 340, 198, -89)
(5, 21, 1, 225)
(5, 24, 1, 144)
(4, 18, 1, 5)
(4, 23, 1, 16)
(8, 21, 3, 563, -492, 228)
(4, 18, 1, 128)
(4, 19, 1, 28)
(6, 20, 3, 62, 36, 73)
(4, 23, 1, 25)
(6, 24, 2, 525, -386)
(5, 23, 1, 219)
(9, 24, 4, 238, 30, 65, 263)
(11, 17, 6, 117, 412, 50, 42, 8, 229)
(7, 18, 4, 14, 116, 14, 37)
(4, 19, 1, 19)
(4, 20, 1, 101)
(10, 21, 5, 291, 14, 25, 42, 224)
(4, 23, 1, 36)
(6, 23, 2, 78, 129)
(6, 23, 2, 284, 60)
(5, 23, 1, 374)
(5, 23, 1, 409)
(5, 23, 1, 423)
(5, 23, 1, 457)
(7, 24, 2, 245, 250)
(5, 21, 1, 311)
(5, 24, 1, 627)
(5, 23, 1, 210)
(5, 24, 1, 555)
(4, 19, 1, 9)
(7, 24, 2, 251, 312)
(5, 21, 1, 238)
(4, 23, 1, 113)
(5, 24, 1, 176)
(5, 19, 1, 261)
(5, 24, 1, 641)
(5, 24, 1, 656)
(4, 18, 1, 47)
(5, 17, 1, 379)
(5, 23, 1, 143)
(6, 20, 2, 170, -37)
(6, 23, 2, 345, 16)
(6, 24, 2, 570, -437)
(5, 17, 1, 284)
(5, 17, 1, 438)
(5, 17, 1, 531)
(5, 17, 1, 552)
(6, 18, 2, 171, 26)
(5, 23, 1, 445)
(5, 17, 1, 872)
(5, 24, 1, 276)
(5, 21, 1, 673)
(5, 24, 1, 653)
(5, 21, 1, 702)
(5, 24, 1, 482)
(15, 17, 10, 5, 224, 72, 56, 180, 48, 32, 15, 19, 11)
(8, 18, 5, 3, 5, 25, 88, 22)
(11, 19, 7, 39, 63, 59, 145, 20, 69, 60)
(5, 20, 1, 149)
(5, 20, 1, 168)
(4, 21, 1, 9)
(4, 21, 1, 59)
(4, 21, 1, 94)
(5, 21, 1, 147)
(5, 21, 1, 182)
(6, 21, 2, 231, 5)
(5, 21, 1, 247)
(5, 21, 1, 300)
(6, 21, 2, 395, 6)
(5, 21, 1, 434)
(5, 21, 1, 465)
(5, 21, 1, 517)
(5, 21, 1, 531)
(7, 21, 3, 589, 29, 38)
(5, 21, 1, 680)
(5, 21, 1, 717)
(5, 21, 1, 725)
(7, 23, 4, 30, 19, 72, 74)
(6, 23, 2, 202, 3)
(5, 23, 1, 240)
(6, 23, 2, 343, 22)
(5, 23, 1, 373)
(5, 23, 1, 431)
(5, 23, 1, 494)
(4, 24, 1, 42)
(18, 24, 15, 47, 46, 35, 9, 128, 33, 10, 126, 20, 6, 105, 17, 87, 13, 33)
(4, 25, 1, 36)
(4, 21, 1, 43)
(5, 17, 1, 515)
(5, 21, 1, 604)
(5, 24, 1, 324)
(7, 17, 2, 300, 342)
(4, 23, 1, 27)
(7, 24, 3, 46, 350, 30)
(5, 17, 1, 769)
(13, 24, 9, 58, 146, 69, 6, 21, 18, 110, 117, 88)
(5, 25, 1, 153)
(10, 24, 4, 11, 180, 147, 186)
(7, 21, 2, 239, 251)
(14, 24, 8, 51, 36, 314, 179, 91, 7, -499, 552)
(4, 20, 1, 122)
(6, 23, 2, 263, 127)
(6, 20, 2, 158, -7)
(7, 19, 2, 232, 257)
(5, 21, 1, 632)
(5, 24, 1, 534)
(5, 19, 1, 394)
(8, 17, 4, 721, -477, 32, 11)
(7, 24, 2, 376, 274)
(8, 17, 3, 245, -75, 425)
(6, 19, 2, 118, 157)
(5, 21, 1, 562)
(5, 23, 1, 193)
(4, 24, 1, 53)
(5, 24, 1, 256)
(7, 24, 2, 286, 146)
(5, 24, 1, 523)
(5, 24, 1, 752)
(5, 24, 1, 437)
(5, 17, 1, 444)
(5, 21, 1, 716)
(5, 20, 1, 150)
(5, 17, 1, 458)
(14, 17, 8, 776, -479, 135, 94, 79, 138, 15, 49)
(4, 20, 1, 5)
(8, 21, 3, 253, 390, 5)
(7, 23, 3, 13, 305, 37)
(8, 24, 4, 110, 464, 37, 13)
(4, 25, 1, 27)
(5, 24, 1, 640)
(12, 17, 7, 62, 102, 212, 55, 118, 257, 13)
(5, 18, 2, 6, 31)
(5, 18, 1, 164)
(4, 19, 1, 70)
(4, 19, 1, 117)
(5, 19, 1, 374)
(4, 20, 1, 25)
(7, 21, 2, 133, 243)
(5, 21, 1, 569)
(5, 21, 1, 634)
(4, 24, 1, 118)
(5, 24, 1, 387)
(6, 24, 2, 732, 6)
(4, 25, 1, 94)
(4, 17, 1, 16)
(5, 17, 1, 200)
(5, 17, 1, 267)
(9, 17, 4, 394, 69, 94, 328)
(8, 19, 4, 77, 366, 3, 3)
(5, 21, 1, 575)
(6, 24, 2, 290, 65)
(5, 25, 2, 74, 45)
(5, 17, 1, 309)
(5, 21, 1, 516)
(4, 20, 1, 4)
(5, 20, 1, 174)
(5, 24, 1, 433)
(5, 23, 1, 146)
(5, 23, 1, 367)
(8, 24, 3, 336, 299, -294)
(4, 23, 1, 3)
(4, 21, 1, 75)
(5, 18, 1, 194)
(4, 20, 1, 64)
(6, 24, 2, 272, -72)
(5, 19, 1, 133)
(5, 17, 1, 334)
(5, 19, 2, 110, 34)
(5, 17, 1, 808)
(5, 19, 1, 295)
(5, 20, 2, 27, 125)
(5, 17, 1, 277)
(5, 21, 1, 501)
(29, 24, 23, 1, 15, 89, 31, 12, 39, 70, 30, 12, 24, 26, 42, 125, 57, 91, 94, -592, 46, 25, 165, 241, -619, 392)
(21, 21, 14, 10, 386, 291, -651, 43, 169, 250, 127, -490, 44, 6, 101, 9, 125)
(5, 18, 2, 34, 88)
(5, 24, 1, 143)
(4, 17, 1, 108)
(8, 17, 3, 40, 270, 265)
(5, 17, 1, 704)
(5, 21, 1, 741)
(5, 21, 1, 334)
(4, 20, 1, 34)
(4, 18, 1, 12)
(4, 18, 1, 105)
(5, 18, 1, 175)
(5, 19, 1, 345)
(4, 23, 1, 104)
(5, 21, 1, 360)
(5, 19, 1, 389)
(5, 19, 1, 190)
(5, 17, 1, 695)
(5, 23, 1, 387)
(5, 23, 1, 371)
(4, 21, 1, 82)
(5, 17, 1, 599)
(4, 20, 1, 12)
(5, 18, 1, 137)
(4, 21, 1, 111)
(4, 24, 1, 127)
(7, 24, 2, 327, 310)
(4, 23, 1, 88)
(5, 24, 2, 115, 49)
(4, 18, 1, 32)
(6, 24, 2, 109, 155)
(5, 23, 1, 160)
(5, 18, 2, 17, 81)
(5, 24, 1, 459)
(5, 18, 1, 142)
(9, 17, 4, 30, 105, 530, 152)
(6, 18, 2, 132, 45)
(7, 19, 4, 3, 119, 117, 119)
(5, 21, 1, 255)
(6, 23, 2, 39, 421)
(5, 23, 1, 483)
(7, 24, 3, 4, 75, 386)
(7, 24, 2, 527, 162)
(4, 25, 1, 11)
(5, 19, 1, 421)
(5, 23, 1, 174)
(5, 21, 1, 276)
(4, 23, 1, 46)
(4, 18, 1, 13)
(5, 24, 1, 364)
(5, 21, 1, 224)
(4, 23, 1, 102)
(4, 17, 1, 95)
(5, 23, 1, 405)
(5, 19, 1, 313)
(5, 17, 1, 315)
(5, 17, 1, 856)
(5, 21, 1, 437)
(4, 20, 1, 61)
(5, 18, 1, 180)
(5, 21, 1, 677)
(4, 20, 1, 52)
(4, 20, 1, 90)
(6, 21, 2, 657, 24)
(5, 24, 1, 592)
(4, 25, 1, 98)
(5, 17, 1, 698)
(5, 23, 1, 305)
(5, 21, 1, 222)
(4, 18, 1, 72)
(4, 23, 1, 62)
(5, 23, 1, 269)
(5, 21, 1, 445)
(5, 21, 1, 711)
(5, 24, 1, 188)
(5, 24, 1, 378)
(4, 20, 1, 117)
(5, 17, 1, 415)
(4, 25, 1, 40)
(5, 24, 1, 315)
(5, 21, 1, 432)
(5, 17, 1, 414)
(6, 21, 2, 439, 68)
(5, 23, 1, 272)
(5, 24, 1, 554)
(4, 25, 1, 97)
(4, 19, 1, 38)
(5, 18, 1, 160)
(4, 19, 1, 67)
(4, 21, 1, 119)
(5, 24, 1, 425)
(5, 17, 1, 499)
(5, 21, 1, 271)
(5, 19, 1, 479)
(5, 21, 1, 369)
(5, 23, 1, 179)
(5, 17, 1, 220)
(4, 21, 1, 77)
(4, 18, 1, 84)
(5, 23, 1, 281)
(5, 21, 1, 149)
(8, 19, 3, 199, 266, -40)
(6, 21, 2, 22, 206)
(8, 17, 4, 44, 60, 443, 17)
(5, 21, 1, 340)
(4, 17, 1, 23)
(4, 23, 1, 57)
(5, 25, 1, 149)
(4, 24, 1, 31)
(5, 24, 1, 239)
(5, 24, 1, 606)
(5, 17, 1, 530)
(4, 19, 1, 58)
(4, 19, 1, 18)
(5, 17, 1, 871)
(5, 23, 1, 437)
(5, 25, 1, 135)
(5, 17, 1, 790)
(5, 21, 1, 383)
(5, 17, 1, 636)
(5, 17, 1, 143)
(5, 23, 1, 325)
(5, 21, 1, 733)
(4, 18, 1, 31)
(5, 17, 1, 540)
(4, 20, 1, 29)
(5, 19, 1, 480)
(5, 21, 1, 153)
(5, 17, 1, 877)
(5, 23, 1, 466)
(5, 23, 1, 252)
(5, 23, 1, 255)
(9, 17, 3, 257, 197, 366)
(5, 21, 1, 603)
(5, 18, 1, 148)
(5, 24, 1, 442)
(5, 17, 1, 536)
(5, 21, 1, 333)
(5, 21, 1, 363)
(5, 21, 1, 373)
(5, 20, 1, 144)
(4, 24, 1, 92)
(5, 21, 1, 417)
(7, 23, 3, 92, 23, 335)
(5, 21, 1, 503)
(8, 19, 3, 45, 292, 134)
(5, 17, 1, 822)
(5, 23, 1, 401)
(5, 24, 1, 277)
(6, 17, 2, 159, 10)
(4, 18, 1, 28)
(5, 21, 1, 528)
(5, 23, 1, 493)
(4, 23, 1, 21)
(7, 21, 2, 172, 548)
(4, 17, 1, 43)
(4, 17, 1, 125)
(5, 24, 1, 340)
(4, 23, 1, 125)
(4, 24, 1, 114)
(4, 21, 1, 42)
(5, 17, 1, 890)
(5, 21, 1, 467)
(5, 18, 1, 200)
(6, 17, 2, 75, 484)
(5, 17, 1, 185)
(4, 20, 1, 20)
(5, 23, 1, 381)
(5, 24, 1, 406)
(4, 21, 1, 38)
(7, 25, 3, 134, -113, 26)
(6, 23, 2, 418, 66)
(5, 18, 1, 191)
(4, 19, 1, 11)
(5, 24, 1, 453)
(5, 17, 1, 180)
(5, 17, 1, 725)
(5, 21, 1, 454)
(7, 23, 2, 140, 331)
(4, 21, 1, 16)
(5, 18, 1, 149)
(5, 23, 1, 403)
(6, 24, 2, 218, 5)
(5, 24, 1, 403)
(5, 17, 1, 508)
(5, 19, 1, 364)
(4, 23, 1, 18)
(5, 24, 1, 325)
(5, 24, 1, 141)
(4, 24, 1, 123)
(5, 21, 1, 357)
(6, 24, 2, 427, 22)
(5, 24, 1, 668)
(5, 23, 1, 440)
(5, 21, 1, 206)
(7, 17, 2, 252, 617)
(5, 23, 1, 201)
(4, 20, 1, 92)
(5, 17, 1, 246)
(5, 24, 1, 350)
(4, 20, 1, 81)
(5, 23, 1, 323)
(5, 24, 1, 726)
(5, 23, 1, 233)
(5, 23, 1, 369)
(5, 17, 2, 4, 32)
(4, 17, 1, 122)
(5, 17, 1, 231)
(5, 17, 1, 448)
(6, 23, 2, 382, -103)
(5, 17, 1, 243)
(6, 17, 2, 275, 11)
(5, 24, 1, 584)
(4, 23, 1, 8)
(11, 24, 5, 417, 29, 229, -612, 242)
(4, 17, 1, 14)
(6, 17, 2, 54, 199)
(8, 17, 3, 282, 344, 90)
(5, 17, 1, 881)
(4, 18, 1, 104)
(4, 23, 1, 83)
(5, 24, 1, 165)
(5, 21, 1, 399)
(4, 17, 1, 119)
(5, 20, 1, 134)
(4, 18, 1, 51)
(5, 24, 1, 603)
(6, 24, 2, 688, -346)
(5, 24, 1, 358)
(5, 24, 1, 381)
(5, 24, 1, 493)
(5, 24, 1, 508)
(5, 24, 1, 529)
(6, 24, 2, 655, -243)
(5, 25, 1, 141)
(5, 23, 1, 186)
(5, 25, 1, 130)
(4, 19, 1, 43)
(5, 17, 1, 766)
(6, 24, 2, 32, 645)
(5, 23, 1, 330)
(5, 21, 1, 181)
(5, 21, 1, 259)
(8, 23, 4, 87, 412, -423, 59)
(7, 18, 4, 11, 45, 69, 45)
(5, 18, 1, 190)
(4, 17, 1, 24)
(5, 17, 1, 263)
(5, 17, 1, 352)
(7, 17, 2, 447, 202)
(5, 18, 1, 167)
(5, 19, 1, 376)
(5, 19, 1, 478)
(4, 23, 1, 109)
(5, 24, 1, 501)
(5, 24, 1, 764)
(4, 23, 1, 119)
(6, 17, 2, 566, -411)
(4, 18, 1, 107)
(4, 20, 1, 8)
(4, 25, 1, 28)
(6, 21, 2, 242, 25)
(5, 21, 1, 451)
(5, 19, 1, 285)
(7, 24, 2, 130, 350)
(6, 21, 2, 429, 85)
(4, 24, 1, 12)
(9, 17, 4, 147, 45, 138, 121)
(6, 17, 2, 634, 86)
(5, 18, 2, 61, 7)
(5, 19, 2, 90, 88)
(5, 19, 1, 256)
(8, 21, 3, 269, 298, 69)
(6, 23, 2, 73, 180)
(5, 24, 1, 575)
(5, 25, 1, 148)
(4, 25, 1, 112)
(7, 17, 2, 377, 213)
(5, 17, 1, 821)
(5, 17, 1, 129)
(4, 25, 1, 117)
(5, 25, 1, 142)
(4, 17, 1, 18)
(4, 17, 1, 53)
(12, 17, 7, 111, 90, 258, 178, 118, 8, 31)
(5, 17, 1, 804)
(5, 24, 1, 477)
(5, 17, 1, 811)
(5, 19, 1, 400)
(5, 17, 1, 214)
(5, 17, 1, 863)
(5, 19, 1, 188)
(5, 24, 1, 389)
(5, 21, 1, 198)
(5, 21, 1, 551)
(5, 24, 1, 528)
(4, 19, 1, 25)
(7, 17, 4, 51, 20, 85, 6)
(6, 17, 2, 184, 38)
(5, 17, 1, 266)
(5, 17, 1, 279)
(7, 17, 2, 295, 225)
(5, 17, 1, 528)
(9, 17, 5, 623, 92, 55, 32, 100)
(10, 18, 7, 20, 10, 19, 42, 17, 47, 49)
(4, 19, 1, 42)
(4, 19, 1, 47)
(5, 19, 2, 50, 37)
(4, 19, 1, 96)
(4, 19, 1, 99)
(7, 19, 3, 175, 33, 21)
(7, 19, 3, 260, 11, 7)
(5, 19, 1, 318)
(6, 19, 2, 404, 47)
(5, 19, 1, 458)
(6, 20, 3, 30, 79, 17)
(21, 21, 18, 7, 8, 6, 14, 11, 97, 51, 50, 58, 69, 126, 14, 9, 37, 38, 13, 67, 24)
(4, 23, 1, 19)
(6, 23, 3, 44, 87, 22)
(7, 23, 3, 169, 16, 58)
(14, 23, 10, 250, 12, 31, 7, 6, 4, 3, 8, 3, 92)
(5, 23, 1, 419)
(5, 23, 1, 425)
(5, 23, 1, 456)
(5, 24, 2, 15, 7)
(4, 24, 1, 37)
(4, 24, 1, 57)
(4, 24, 1, 84)
(4, 24, 1, 97)
(4, 24, 1, 113)
(4, 24, 1, 124)
(35, 24, 31, 135, 10, 11, 13, 8, 8, 5, 9, 12, 41, 70, 4, 9, 13, 63, 29, 31, 12, 5, 4, 11, 33, 20, 15, 80, 9, 3, 24, 20, 17, 39)
(5, 25, 2, 56, 69)
(5, 19, 1, 284)
(5, 20, 1, 172)
(6, 21, 2, 127, 596)
(4, 25, 1, 35)
(5, 21, 1, 488)
(11, 17, 6, 79, 22, 202, 108, 10, 194)
(5, 21, 1, 543)
(7, 23, 2, 156, 237)
(7, 17, 2, 668, 148)
(5, 21, 1, 345)
(6, 23, 2, 126, 134)
(5, 24, 1, 604)
(5, 17, 1, 384)
(5, 24, 1, 679)
(4, 21, 1, 91)
(5, 17, 1, 673)
(5, 19, 1, 462)
(5, 23, 1, 171)
(5, 24, 1, 409)
(9, 17, 4, 408, 193, 81, 65)
(5, 18, 2, 73, 119)
(9, 19, 6, 35, 96, 69, 43, 125, 45)
(13, 21, 8, 69, 17, 39, 15, 51, 145, 89, 309)
(8, 23, 5, 60, 7, 70, 79, 51)
(9, 24, 4, 467, 2, 235, 52)
(5, 25, 2, 63, 59)
(5, 21, 1, 453)
(4, 24, 1, 9)
(6, 17, 2, 93, 434)
(6, 19, 3, 2, 55, 64)
(4, 20, 1, 76)
(5, 21, 1, 594)
(5, 24, 1, 700)
(5, 19, 1, 227)
(5, 18, 1, 174)
(11, 17, 6, 331, 57, 100, 249, 61, 95)
(5, 18, 2, 100, 89)
(6, 19, 2, 334, 105)
(7, 23, 3, 188, 34, 27)
(5, 24, 1, 613)
(5, 25, 1, 139)
(7, 21, 2, 138, 175)
(4, 19, 1, 64)
(6, 24, 2, 568, -298)
(9, 17, 4, 273, 40, 530, 41)
(5, 19, 1, 487)
(5, 21, 1, 447)
(8, 24, 3, 203, 194, 50)
(5, 19, 1, 307)
(5, 21, 1, 406)
(5, 24, 1, 366)
(5, 21, 1, 386)
(7, 17, 2, 144, 459)
(7, 24, 2, 445, 225)
(5, 21, 1, 610)
(5, 17, 1, 831)
(5, 19, 1, 343)
(4, 20, 1, 48)
(4, 21, 1, 45)
(5, 23, 1, 309)
(4, 25, 1, 20)
(5, 25, 1, 133)
(4, 17, 1, 50)
(6, 21, 2, 168, 25)
(5, 24, 1, 496)
(4, 17, 1, 69)
(7, 21, 3, 78, 403, 59)
(5, 23, 1, 497)
(7, 24, 3, 75, 440, 94)
(5, 21, 1, 207)
(5, 24, 1, 474)
(8, 17, 4, 17, 101, 150, 127)
(5, 21, 1, 362)
(5, 24, 1, 291)
(5, 17, 1, 232)
(4, 24, 1, 65)
(4, 19, 1, 88)
(5, 20, 2, 59, 52)
(5, 19, 1, 156)
(17, 24, 13, 60, 35, 107, 22, 12, 14, 150, 114, 33, 58, 15, 25, 65)
(5, 25, 2, 77, 54)
(13, 24, 6, 260, 229, 94, -494, 164, 489)
(5, 21, 1, 553)
(6, 23, 2, 80, 251)
(5, 19, 1, 355)
(4, 18, 1, 19)
(5, 24, 1, 662)
(5, 17, 1, 283)
(5, 24, 1, 186)
(4, 18, 1, 123)
(5, 23, 1, 190)
(5, 18, 1, 161)
(6, 19, 2, 447, -153)
(4, 20, 1, 6)
(5, 17, 1, 839)
(6, 24, 2, 38, 325)
(5, 25, 2, 126, -112)
(5, 23, 1, 458)
(7, 24, 2, 216, 140)
(5, 17, 1, 713)
(5, 17, 1, 800)
(5, 24, 1, 209)
(5, 17, 1, 177)
(5, 18, 1, 166)
(4, 23, 1, 98)
(5, 21, 1, 448)
(5, 20, 2, 53, 62)
(6, 19, 2, 111, 138)
(5, 18, 2, 40, 26)
(4, 17, 1, 29)
(4, 18, 1, 22)
(5, 23, 1, 223)
(4, 21, 1, 85)
(5, 19, 1, 302)
(5, 17, 1, 733)
(4, 23, 1, 90)
(4, 25, 1, 71)
(4, 18, 1, 44)
(5, 21, 1, 173)
(5, 19, 1, 231)
(5, 17, 1, 678)
(5, 24, 1, 610)
(5, 17, 1, 475)
(5, 24, 1, 344)
(5, 23, 1, 133)
(5, 19, 1, 267)
(4, 23, 1, 55)
(4, 23, 1, 86)
(5, 23, 1, 144)
(6, 23, 2, 247, -26)
(4, 18, 1, 25)
(5, 19, 1, 180)
(5, 17, 1, 307)
(5, 25, 1, 137)
(5, 24, 1, 219)
(5, 17, 1, 545)
(5, 21, 1, 583)
(4, 17, 1, 88)
(12, 17, 6, 100, 63, 74, 173, 204, 268)
(4, 20, 1, 69)
(5, 19, 1, 388)
(5, 20, 1, 167)
(5, 17, 1, 291)
(5, 21, 1, 704)
(5, 23, 1, 189)
(5, 24, 1, 586)
(5, 21, 1, 441)
(6, 23, 2, 15, 297)
(5, 21, 1, 317)
(5, 24, 1, 623)
(5, 17, 1, 886)
(5, 18, 1, 182)
(7, 21, 2, 292, 250)
(7, 19, 3, 274, 109, 71)
(6, 21, 2, 612, -436)
(7, 17, 2, 167, 638)
(5, 21, 1, 431)
(6, 24, 2, 332, -102)
(5, 18, 1, 154)
(5, 18, 1, 187)
(5, 21, 1, 651)
(4, 25, 1, 16)
(4, 25, 1, 22)
(4, 25, 1, 108)
(5, 19, 1, 160)
(5, 20, 1, 155)
(5, 24, 1, 361)
(5, 24, 1, 693)
(6, 17, 2, 39, 664)
(4, 23, 1, 9)
(5, 23, 1, 229)
(4, 23, 1, 107)
(4, 23, 1, 79)
(4, 19, 1, 116)
(5, 24, 1, 505)
(5, 17, 1, 212)
(4, 18, 1, 87)
(4, 24, 1, 36)
(5, 17, 2, 42, 82)
(7, 24, 3, 339, -199, 53)
(8, 24, 3, 716, -255, 158)
(5, 17, 1, 318)
(6, 24, 2, 106, 511)
(4, 25, 1, 121)
(4, 18, 1, 46)
(4, 25, 1, 7)
(5, 18, 1, 211)
(5, 24, 1, 765)
(5, 17, 1, 405)
(4, 20, 1, 104)
(6, 24, 2, 423, 25)
(4, 17, 1, 11)
(5, 19, 1, 265)
(6, 17, 2, 199, -112)
(5, 23, 1, 148)
(4, 21, 1, 11)
(4, 21, 1, 57)
(4, 24, 1, 14)
(5, 21, 1, 214)
(4, 25, 1, 33)
(5, 18, 1, 151)
(4, 25, 1, 51)
(4, 18, 1, 48)
(5, 17, 1, 294)
(5, 24, 1, 759)
(5, 17, 1, 364)
(5, 21, 1, 570)
(4, 18, 1, 103)
(5, 19, 1, 324)
(6, 21, 2, 544, 3)
(4, 18, 1, 63)
(5, 17, 1, 723)
(5, 19, 1, 401)
(5, 17, 1, 688)
(4, 24, 1, 7)
(5, 23, 1, 420)
(5, 21, 1, 349)
(4, 21, 1, 20)
(4, 24, 1, 98)
(6, 24, 2, 683, 84)
(8, 19, 3, 298, -191, 135)
(5, 24, 1, 639)
(4, 20, 1, 86)
(5, 17, 1, 734)
(5, 23, 1, 291)
(5, 21, 1, 667)
(5, 23, 1, 334)
(5, 19, 1, 381)
(4, 20, 1, 128)
(5, 21, 1, 343)
(5, 24, 1, 519)
(5, 24, 1, 718)
(4, 25, 1, 1)
(5, 25, 2, 5, 63)
(4, 25, 1, 114)
(4, 21, 1, 114)
(7, 24, 2, 373, 256)
(5, 17, 1, 407)
(4, 25, 1, 29)
(5, 24, 1, 160)
(4, 19, 1, 69)
(5, 21, 1, 241)
(4, 24, 1, 78)
(6, 24, 2, 654, -26)
(5, 21, 1, 474)
(5, 17, 1, 320)
(6, 17, 2, 658, 23)
(5, 24, 1, 307)
(5, 23, 1, 404)
(5, 24, 1, 530)
(5, 25, 1, 143)
(4, 20, 1, 83)
(5, 20, 1, 160)
(6, 23, 2, 110, 144)
(7, 17, 2, 565, 232)
(5, 24, 1, 441)
(4, 20, 1, 108)
(5, 23, 1, 394)
(5, 23, 1, 377)
(4, 21, 1, 109)
(5, 21, 1, 600)
(5, 21, 1, 508)
(5, 24, 1, 283)
(5, 17, 1, 487)
(5, 21, 1, 405)
(5, 17, 1, 779)
(5, 23, 1, 342)
(5, 21, 1, 532)
(5, 17, 1, 671)
(5, 21, 1, 430)
(5, 21, 1, 694)
(5, 24, 1, 320)
(5, 21, 1, 217)
(5, 21, 1, 335)
(5, 23, 1, 439)
(5, 19, 1, 474)
(4, 20, 1, 2)
(5, 21, 1, 427)
(5, 19, 1, 194)
(4, 21, 1, 68)
(5, 19, 1, 290)
(5, 23, 1, 397)
(5, 21, 1, 296)
(5, 24, 1, 601)
(4, 21, 1, 3)
(5, 19, 1, 322)
(4, 25, 1, 55)
(4, 20, 1, 77)
(7, 24, 2, 269, 135)
(5, 17, 1, 507)
(5, 19, 2, 4, 119)
(5, 17, 1, 774)
(4, 18, 1, 1)
(4, 20, 1, 91)
(4, 25, 1, 32)
(5, 17, 1, 440)
(5, 17, 1, 842)
(4, 21, 1, 74)
(5, 23, 1, 455)
(5, 17, 1, 347)
(5, 17, 1, 812)
(4, 20, 1, 70)
(4, 20, 1, 119)
(5, 20, 1, 139)
(5, 21, 1, 258)
(5, 21, 1, 341)
(5, 21, 1, 588)
(5, 23, 1, 230)
(5, 23, 1, 175)
(5, 24, 1, 577)
(5, 17, 1, 494)
(4, 25, 1, 65)
(5, 17, 2, 116, -70)
(5, 21, 1, 347)
(5, 17, 1, 650)
(5, 21, 1, 641)
(5, 18, 2, 120, -63)
(5, 19, 1, 184)
(5, 21, 1, 162)
(5, 24, 1, 578)
(5, 21, 1, 301)
(5, 21, 1, 626)
(5, 24, 1, 659)
(4, 21, 1, 37)
(5, 19, 1, 431)
(4, 25, 1, 9)
(5, 17, 1, 660)
(5, 21, 1, 638)
(6, 19, 2, 228, 89)
(5, 21, 1, 686)
(4, 24, 1, 100)
(5, 23, 1, 165)
(5, 23, 1, 271)
(5, 24, 1, 646)
(5, 24, 1, 739)
(4, 21, 1, 67)
(5, 21, 1, 402)
(4, 20, 1, 106)
(5, 17, 1, 873)
(4, 20, 1, 102)
(4, 17, 1, 110)
(5, 24, 1, 667)
(4, 21, 1, 54)
(5, 24, 1, 439)
(4, 19, 1, 101)
(4, 19, 1, 119)
(4, 20, 1, 68)
(4, 21, 1, 90)
(4, 18, 1, 36)
(5, 24, 1, 548)
(5, 21, 1, 705)
(5, 24, 1, 723)
(4, 21, 1, 98)
(5, 21, 1, 438)
(5, 19, 1, 448)
(5, 17, 1, 556)
(4, 20, 1, 100)
(4, 19, 1, 124)
(5, 19, 1, 206)
(4, 20, 1, 13)
(4, 24, 1, 25)
(5, 24, 1, 405)
(5, 24, 1, 430)
(5, 24, 1, 456)
(5, 24, 1, 484)
(4, 21, 1, 17)
(5, 19, 1, 351)
(5, 21, 1, 200)
(5, 19, 1, 418)
(5, 21, 1, 160)
(5, 21, 1, 559)
(5, 21, 1, 283)
(5, 17, 1, 154)
(5, 21, 1, 738)
(5, 19, 1, 268)
(5, 21, 1, 617)
(5, 17, 1, 332)
(5, 24, 1, 680)
(5, 19, 1, 386)
(4, 21, 1, 123)
(5, 19, 1, 139)
(5, 24, 1, 229)
(4, 25, 1, 82)
(5, 23, 1, 292)
(5, 21, 1, 221)
(4, 21, 1, 112)
(4, 21, 1, 116)
(5, 18, 1, 139)
(4, 20, 1, 10)
(4, 21, 1, 53)
(4, 23, 1, 26)
(6, 24, 2, 33, 430)
(5, 19, 1, 198)
(5, 21, 1, 211)
(4, 24, 1, 112)
(5, 17, 1, 221)
(4, 21, 1, 97)
(5, 17, 2, 74, 97)
(5, 17, 1, 386)
(5, 21, 1, 166)
(7, 23, 2, 227, 245)
(5, 21, 1, 230)
(5, 17, 1, 227)
(4, 24, 1, 41)
(5, 19, 1, 445)
(4, 25, 1, 111)
(5, 17, 1, 611)
(6, 19, 2, 181, -10)
(5, 17, 1, 148)
(5, 19, 1, 137)
(5, 19, 1, 213)
(4, 20, 1, 85)
(5, 24, 1, 151)
(6, 21, 2, 287, -224)
(4, 21, 1, 100)
(5, 21, 1, 186)
(4, 24, 1, 102)
(5, 24, 1, 614)
(5, 23, 1, 442)
(4, 25, 1, 118)
(5, 23, 1, 158)
(5, 23, 1, 352)
(6, 23, 2, 391, 86)
(5, 24, 1, 375)
(5, 20, 1, 137)
(7, 21, 2, 315, 335)
(5, 24, 1, 382)
(4, 21, 1, 6)
(4, 19, 1, 46)
(4, 24, 1, 55)
(5, 17, 1, 741)
(5, 17, 1, 778)
(5, 18, 1, 185)
(5, 25, 1, 156)
(5, 21, 1, 678)
(4, 25, 1, 39)
(5, 21, 1, 407)
(5, 21, 1, 449)
(5, 21, 1, 586)
(5, 17, 1, 319)
(5, 18, 1, 206)
(5, 23, 1, 348)
(5, 23, 1, 261)
(4, 25, 1, 61)
(5, 17, 1, 176)
(6, 23, 2, 74, 288)
(5, 17, 1, 897)
(4, 24, 1, 49)
(5, 20, 1, 131)
(5, 21, 1, 631)
(4, 20, 1, 73)
(4, 17, 1, 64)
(4, 20, 1, 67)
(5, 24, 1, 170)
(5, 21, 1, 690)
(5, 24, 1, 686)
(5, 21, 1, 158)
(5, 24, 1, 421)
(5, 17, 1, 814)
(5, 21, 1, 665)
(5, 23, 1, 242)
(5, 23, 1, 340)
(5, 21, 1, 592)
(8, 24, 3, 56, 138, 478)
(5, 21, 1, 545)
(5, 19, 1, 211)
(5, 19, 1, 230)
(5, 23, 1, 276)
(5, 17, 1, 234)
(4, 23, 1, 52)
(5, 21, 1, 209)
(5, 19, 1, 236)
(5, 19, 1, 379)
(5, 19, 1, 468)
(5, 21, 1, 492)
(7, 17, 2, 479, 253)
(5, 24, 1, 161)
(5, 17, 1, 718)
(4, 24, 1, 67)
(6, 17, 2, 19, 245)
(5, 21, 1, 380)
(4, 20, 1, 88)
(5, 17, 1, 745)
(5, 24, 1, 674)
(5, 23, 1, 182)
(4, 17, 1, 34)
(8, 24, 3, 735, -683, 507)
(5, 21, 1, 649)
(6, 17, 2, 424, -186)
(5, 17, 1, 186)
(5, 17, 1, 280)
(5, 21, 1, 148)
(5, 19, 1, 328)
(6, 23, 2, 48, 250)
(5, 17, 1, 887)
(5, 18, 1, 135)
(5, 19, 1, 416)
(5, 21, 1, 137)
(5, 24, 1, 711)
(7, 17, 2, 544, 161)
(5, 24, 1, 542)
(5, 17, 1, 336)
(5, 17, 1, 333)
(5, 17, 1, 710)
(4, 17, 1, 81)
(4, 17, 1, 61)
(6, 23, 2, 478, -310)
(5, 17, 1, 242)
(5, 17, 1, 149)
(5, 24, 1, 147)
(5, 24, 1, 697)
(4, 25, 1, 10)
(7, 21, 3, 212, -148, 8)
(5, 21, 1, 418)
(5, 24, 1, 255)
(5, 19, 1, 304)
(4, 21, 1, 76)
(5, 23, 1, 214)
(5, 24, 1, 486)
(5, 17, 1, 399)
(5, 24, 1, 512)
(4, 18, 1, 69)
(5, 19, 1, 148)
(9, 21, 3, 397, 142, 140)
(4, 18, 1, 106)
(5, 21, 1, 175)
(5, 21, 1, 670)
(8, 24, 3, 2, 570, 196)
(4, 21, 1, 92)
(4, 20, 1, 56)
(4, 20, 1, 54)
(4, 20, 1, 75)
(5, 20, 1, 141)
(5, 17, 1, 560)
(5, 24, 1, 676)
(5, 23, 1, 357)
(5, 17, 1, 139)
(5, 24, 1, 755)
(5, 18, 1, 157)
(5, 24, 1, 266)
(4, 18, 1, 85)
(5, 23, 1, 141)
(5, 24, 1, 595)
(5, 21, 1, 640)
(4, 17, 1, 55)
(4, 17, 1, 127)
(5, 17, 1, 133)
(5, 17, 1, 235)
(5, 17, 1, 256)
(5, 17, 1, 258)
(5, 17, 1, 367)
(5, 17, 1, 416)
(5, 17, 1, 422)
(5, 17, 1, 437)
(8, 17, 4, 449, 52, 12, 35)
(5, 17, 1, 567)
(7, 17, 3, 583, 3, 21)
(5, 17, 1, 644)
(6, 17, 2, 676, 30)
(5, 17, 1, 735)
(5, 17, 1, 796)
(5, 17, 1, 824)
(5, 17, 1, 835)
(6, 18, 2, 10, 159)
(7, 19, 3, 62, 152, 116)
(5, 19, 1, 390)
(6, 21, 2, 121, 235)
(5, 21, 1, 455)
(5, 21, 1, 461)
(5, 21, 1, 524)
(7, 21, 3, 536, 97, 12)
(5, 23, 1, 134)
(6, 23, 2, 274, 86)
(5, 23, 1, 434)
(5, 23, 1, 448)
(5, 23, 1, 482)
(6, 24, 2, 207, 109)
(5, 24, 1, 345)
(5, 24, 1, 384)
(5, 24, 1, 390)
(6, 24, 2, 543, 45)
(5, 24, 1, 607)
(5, 24, 1, 630)
(5, 24, 1, 658)
(5, 24, 1, 701)
(5, 24, 1, 740)
(5, 25, 2, 67, 46)
(5, 25, 1, 138)
(6, 17, 3, 1, 7, 27)
(6, 17, 3, 48, 4, 4)
(4, 17, 1, 66)
(4, 17, 1, 72)
(4, 17, 1, 77)
(4, 17, 1, 86)
(5, 17, 2, 92, 7)
(4, 17, 1, 123)
(5, 17, 1, 138)
(5, 17, 1, 151)
(5, 17, 1, 157)
(6, 17, 2, 189, 37)
(5, 17, 1, 230)
(5, 17, 1, 292)
(5, 17, 1, 302)
(6, 17, 2, 322, 2)
(5, 17, 1, 348)
(5, 17, 1, 355)
(5, 17, 1, 372)
(5, 17, 1, 385)
(5, 17, 1, 409)
(5, 17, 1, 439)
(7, 17, 3, 455, 22, 16)
(5, 17, 1, 502)
(5, 17, 1, 521)
(5, 17, 1, 538)
(5, 17, 1, 602)
(6, 17, 2, 613, 50)
(6, 17, 2, 672, 28)
(5, 17, 1, 736)
(5, 17, 1, 748)
(7, 17, 3, 752, 7, 12)
(5, 17, 1, 784)
(5, 17, 1, 832)
(5, 17, 1, 837)
(6, 17, 2, 841, 27)
(5, 17, 1, 892)
(5, 17, 1, 896)
(6, 18, 3, 21, 44, 9)
(4, 18, 1, 86)
(11, 18, 8, 96, 13, 3, 40, 4, 3, 34, 6)
(49, 19, 46, 22, 2, 16, 8, 12, 6, 15, 11, 12, 5, 17, 6, 3, 14, 6, 3, 15, 3, 10, 23, 6, 18, 33, 10, 3, 20, 11, 5, 4, 4, 4, 17, 5, 14, 6, 18, 10, 5, 15, 13, 7, 22, 2, 12, 3, 6)
(12, 20, 9, 1, 10, 22, 32, 9, 40, 6, 20, 6)
(55, 21, 51, 1, 4, 8, 6, 14, 17, 6, 14, 17, 8, 8, 15, 12, 29, 10, 9, 14, 5, 13, 22, 22, 40, 25, 45, 26, 24, 12, 9, 40, 3, 11, 6, 23, 3, 34, 3, 14, 33, 10, 4, 9, 32, 4, 8, 11, 10, 4, 11, 4, 6, 17)
(34, 23, 30, 20, 25, 9, 9, 12, 10, 18, 3, 23, 3, 30, 11, 47, 8, 7, 11, 19, 13, 12, 32, 5, 12, 56, 5, 13, 4, 21, 42, 5, 13)
(59, 24, 55, 5, 25, 5, 8, 7, 4, 7, 15, 18, 10, 3, 4, 10, 8, 3, 6, 16, 8, 12, 9, 14, 8, 58, 4, 36, 7, 9, 9, 3, 15, 33, 96, 4, 2, 18, 11, 23, 4, 21, 11, 31, 12, 4, 22, 11, 3, 33, 14, 6, 3, 22, 11, 5, 11, 9)
(11, 25, 7, 53, 11, 22, 17, 20, 13, 19)
(10, 17, 3, 359, 293, 130)
(5, 18, 1, 102)
(6, 19, 1, 250)
(9, 21, 3, 361, 62, 307)
(5, 23, 1, 89)
(9, 24, 3, 72, 477, 176)
(5, 25, 1, 91)
(6, 17, 1, 646)
(6, 19, 1, 192)
(8, 21, 2, 215, 133)
(6, 24, 1, 751)
(6, 17, 1, 215)
(9, 19, 3, 224, 57, 155)
(5, 25, 1, 62)
(6, 20, 1, 162)
(6, 17, 1, 412)
(5, 18, 1, 59)
(6, 21, 1, 261)
(7, 23, 2, 270, 84)
(6, 24, 1, 551)
(5, 20, 1, 15)
(6, 23, 1, 336)
(8, 17, 3, 33, 191, 105)
(13, 19, 8, 189, 15, 21, 57, 15, 4, 31, 27)
(6, 20, 2, 71, 67)
(11, 21, 4, 208, 130, 20, 179)
(6, 23, 1, 147)
(6, 24, 1, 691)
(5, 19, 1, 74)
(6, 24, 1, 419)
(6, 19, 1, 438)
(5, 21, 1, 51)
(8, 17, 3, 525, 48, 45)
(8, 21, 2, 252, 362)
(11, 17, 4, 285, -135, 251, 227)
(6, 24, 1, 226)
(6, 21, 1, 307)
(6, 23, 1, 248)
(6, 19, 1, 393)
(6, 17, 1, 205)
(5, 18, 1, 114)
(8, 19, 2, 258, 147)
(7, 21, 2, 237, 37)
(9, 23, 3, 297, 31, 172)
(9, 24, 3, 27, 425, 320)
(6, 17, 1, 625)
(6, 19, 1, 429)
(5, 20, 1, 89)
(9, 21, 3, 65, 285, 243)
(5, 25, 1, 52)
(6, 17, 1, 836)
(6, 24, 1, 521)
(5, 21, 1, 14)
(8, 17, 3, 107, 293, 65)
(6, 24, 1, 293)
(9, 17, 3, 370, -281, 406)
(6, 19, 1, 377)
(5, 20, 1, 31)
(8, 21, 3, 52, 204, 4)
(6, 24, 1, 184)
(6, 21, 1, 156)
(6, 19, 1, 341)
(31, 17, 27, 12, 14, 54, 95, 20, 54, 62, 24, 30, 27, 14, 22, 15, 33, 70, 9, 16, 20, 44, 24, 43, 20, 18, 51, 38, 24, 42)
(9, 18, 5, 24, 19, 27, 131, 7)
(16, 19, 13, 12, 9, 94, 19, 13, 25, 7, 4, 13, 26, 13, 56, 12)
(9, 19, 5, 308, 6, 58, 6, 88)
(8, 20, 5, 3, 46, 14, 42, 51)
(5, 20, 1, 173)
(9, 21, 6, 115, 84, 65, 8, 54, 53)
(6, 21, 2, 389, 15)
(9, 21, 4, 428, 54, 141, 78)
(17, 23, 14, 17, 84, 4, 44, 17, 60, 32, 80, 20, 18, 10, 25, 30, 48)
(22, 24, 19, 70, 29, 4, 28, 89, 21, 6, 2, 9, 4, 9, 11, 6, 14, 68, 29, 23, 21, 30)
(5, 24, 1, 498)
(5, 24, 1, 509)
(6, 24, 2, 532, 83)
(8, 24, 4, 626, 22, 81, 20)
(5, 25, 2, 72, -15)
(5, 23, 1, 389)
(4, 24, 1, 19)
(5, 17, 1, 578)
(5, 21, 1, 132)
(5, 19, 1, 270)
(5, 20, 1, 136)
(5, 19, 1, 259)
(5, 17, 1, 876)
(5, 19, 1, 420)
(5, 23, 1, 453)
(5, 21, 1, 196)
(5, 17, 1, 217)
(5, 21, 1, 606)
(5, 23, 1, 244)
(5, 21, 1, 411)
(5, 19, 1, 210)
(4, 20, 1, 96)
(5, 19, 1, 286)
(6, 21, 2, 515, -163)
(4, 18, 1, 71)
(5, 24, 1, 231)
(5, 21, 1, 581)
(4, 25, 1, 84)
(7, 24, 3, 468, -326, -121)
(5, 17, 1, 512)
(4, 21, 1, 34)
(5, 21, 1, 146)
(9, 21, 4, 246, 175, 91, 64)
(5, 24, 1, 285)
(4, 21, 1, 28)
(5, 17, 1, 251)
(4, 23, 1, 65)
(5, 21, 1, 700)
(7, 25, 4, 24, 25, 29, 29)
(4, 21, 1, 39)
(5, 21, 1, 151)
(12, 21, 8, 324, 43, 89, 17, 53, 34, 87, -95)
(16, 23, 10, 84, 359, -442, 377, 113, -440, 136, 30, -210, 110)
(4, 21, 1, 60)
(5, 20, 2, 37, 10)
(4, 21, 1, 27)
(4, 18, 1, 54)
(6, 19, 2, 97, 391)
(4, 23, 1, 58)
(7, 24, 3, 23, 39, 699)
(5, 25, 2, 92, 48)
(5, 24, 1, 321)
(5, 17, 1, 228)
(22, 21, 18, 639, -609, 32, 11, 26, 32, 14, 59, 41, 71, 49, 19, 9, 22, 64, 54, 40, 57)
(8, 24, 4, 311, 69, 124, -4)
(5, 21, 1, 620)
(20, 17, 15, 9, 48, 21, 212, 33, 33, 17, 83, 66, 155, 16, 38, 23, 18, 31)
(7, 19, 2, 316, 167)
(6, 20, 3, 66, 29, 52)
(6, 21, 2, 661, 75)
(6, 23, 2, 428, 58)
(5, 24, 1, 538)
(4, 19, 1, 73)
(5, 24, 1, 351)
(7, 21, 3, 476, -273, 32)
(4, 20, 1, 82)
(5, 21, 1, 322)
(5, 24, 1, 374)
(5, 23, 1, 475)
(4, 21, 1, 26)
(5, 23, 1, 304)
(8, 21, 3, 293, -122, 548)
(5, 25, 1, 157)
(5, 24, 1, 304)
(7, 21, 2, 462, 184)
(5, 24, 1, 544)
(6, 17, 2, 466, -369)
(5, 23, 1, 294)
(9, 17, 4, 532, -97, 422, -245)
(4, 18, 1, 26)
(5, 19, 1, 140)
(4, 20, 1, 38)
(5, 21, 1, 671)
(5, 24, 1, 681)
(4, 23, 1, 122)
(6, 17, 2, 653, 115)
(5, 24, 1, 745)
(4, 25, 1, 54)
(5, 24, 1, 134)
(7, 24, 2, 329, 315)
(5, 17, 1, 901)
(5, 21, 1, 561)
(5, 17, 1, 753)
(5, 17, 1, 369)
(5, 23, 1, 215)
(5, 17, 1, 141)
(5, 20, 1, 159)
(4, 20, 1, 40)
(5, 19, 2, 41, 102)
(5, 17, 1, 389)
(4, 18, 1, 16)
(4, 18, 1, 97)
(5, 24, 1, 254)
(5, 24, 1, 393)
(5, 24, 1, 180)
(5, 24, 1, 385)
(5, 17, 1, 631)
(5, 19, 1, 145)
(10, 19, 5, 167, 81, 174, -38, 1)
(5, 21, 1, 273)
(5, 19, 1, 300)
(5, 21, 1, 721)
(4, 17, 1, 58)
(5, 21, 1, 470)
(5, 24, 1, 297)
(5, 17, 1, 729)
(7, 21, 2, 460, 235)
(5, 23, 1, 447)
(5, 21, 1, 282)
(8, 17, 4, 102, 202, 109, 37)
(9, 18, 6, 7, 16, 37, 33, 45, 27)
(4, 19, 1, 32)
(4, 19, 1, 71)
(4, 19, 1, 106)
(8, 19, 3, 241, 134, 34)
(5, 19, 1, 426)
(6, 20, 3, 26, 97, 19)
(5, 21, 2, 12, 46)
(5, 21, 1, 250)
(5, 21, 1, 289)
(5, 21, 1, 566)
(5, 21, 1, 613)
(5, 21, 1, 635)
(9, 23, 4, 28, 172, 25, 211)
(12, 24, 7, 195, 85, 184, 126, 9, 43, 91)
(4, 25, 1, 50)
(4, 25, 1, 95)
(5, 21, 1, 446)
(4, 25, 1, 44)
(5, 17, 1, 619)
(4, 19, 1, 20)
(5, 17, 1, 825)
(5, 21, 1, 598)
(6, 24, 2, 359, -181)
(8, 17, 3, 132, 506, 126)
(6, 19, 2, 329, -103)
(8, 17, 3, 31, 635, 152)
(6, 18, 2, 133, 45)
(4, 23, 1, 40)
(8, 24, 3, 80, 386, 224)
(4, 25, 1, 12)
(5, 23, 1, 461)
(5, 24, 1, 773)
(13, 19, 9, 6, 24, 24, 59, 25, 27, 81, 145, -229)
(4, 17, 1, 98)
(4, 25, 1, 19)
(7, 17, 2, 344, 534)
(4, 20, 1, 94)
(4, 19, 1, 93)
(5, 17, 1, 326)
(5, 21, 1, 480)
(5, 23, 1, 192)
(5, 24, 1, 301)
(9, 17, 4, 146, 217, 78, 113)
(4, 18, 1, 42)
(4, 19, 1, 26)
(5, 19, 1, 333)
(5, 19, 1, 346)
(4, 21, 1, 101)
(5, 21, 1, 321)
(5, 21, 1, 387)
(7, 23, 2, 145, 142)
(5, 24, 1, 217)
(5, 24, 1, 692)
(5, 24, 1, 743)
(5, 24, 1, 769)
(5, 17, 1, 654)
(8, 19, 3, 23, 282, 185)
(5, 23, 1, 203)
(6, 17, 2, 445, 33)
(4, 20, 1, 23)
(5, 17, 1, 216)
(5, 17, 1, 223)
(5, 19, 1, 408)
(4, 21, 1, 107)
(5, 19, 1, 150)
(5, 19, 1, 203)
(8, 17, 3, 241, 31, 291)
(4, 18, 1, 95)
(7, 19, 3, 112, 227, 17)
(5, 23, 1, 197)
(5, 24, 1, 362)
(5, 24, 1, 518)
(5, 19, 1, 475)
(5, 24, 1, 598)
(7, 17, 3, 274, 24, -65)
(5, 17, 1, 470)
(5, 17, 1, 708)
(5, 21, 1, 374)
(4, 24, 1, 8)
(4, 20, 1, 87)
(5, 19, 1, 216)
(4, 25, 1, 34)
(4, 17, 1, 96)
(4, 17, 1, 105)
(5, 17, 1, 269)
(5, 17, 1, 350)
(4, 18, 1, 41)
(4, 19, 1, 37)
(5, 21, 1, 223)
(5, 21, 1, 288)
(7, 21, 2, 346, 339)
(5, 21, 1, 710)
(6, 23, 2, 22, 156)
(5, 24, 1, 541)
(4, 25, 1, 26)
(4, 18, 1, 2)
(5, 25, 1, 145)
(4, 20, 1, 41)
(4, 20, 1, 55)
(5, 24, 1, 150)
(4, 17, 1, 60)
(6, 17, 2, 134, 19)
(5, 17, 1, 173)
(7, 17, 3, 191, 69, 10)
(5, 17, 1, 485)
(9, 17, 4, 610, 46, 132, 38)
(8, 21, 4, 471, 106, 22, 59)
(5, 24, 1, 625)
(5, 19, 1, 444)
(4, 24, 1, 122)
(5, 19, 1, 221)
(13, 17, 8, 85, 204, 32, 50, 190, 13, 7, 67)
(4, 18, 1, 38)
(5, 19, 1, 352)
(4, 20, 1, 7)
(12, 21, 7, 106, 110, 10, 280, 74, 2, 158)
(6, 23, 2, 351, 112)
(11, 24, 6, 66, 107, 62, 278, 160, 44)
(6, 25, 3, 76, 52, 16)
(5, 17, 1, 278)
(4, 18, 1, 53)
(7, 17, 2, 645, 130)
(5, 21, 1, 444)
(6, 19, 2, 251, 99)
(5, 23, 1, 426)
(4, 23, 1, 29)
(6, 18, 2, 145, -56)
(5, 17, 1, 418)
(5, 17, 1, 423)
(8, 17, 4, 457, 57, 36, 19)
(5, 19, 2, 128, 90)
(4, 20, 1, 36)
(5, 23, 1, 237)
(10, 24, 5, 392, 160, 79, 34, -579)
(5, 20, 1, 148)
(4, 20, 1, 42)
(6, 19, 2, 434, 7)
(4, 18, 1, 90)
(5, 21, 1, 530)
(4, 18, 1, 88)
(5, 17, 1, 206)
(5, 18, 2, 55, 60)
(5, 23, 1, 299)
(7, 23, 2, 364, 137)
(5, 24, 2, 44, 39)
(5, 17, 1, 730)
(5, 24, 1, 531)
(5, 24, 1, 753)
(5, 20, 1, 135)
(6, 23, 2, 177, 22)
(4, 25, 1, 23)
(20, 0, 17, 0, 0, 0, 0, 0, 0, 0, 0, 0, 0, 0, 0, 0, 0, 0, 0, 0)
(8, 0, 5, 0, 0, 0, 0, 0)
(6, 0, 3, 0, 0, 0)
(7, 0, 4, 0, 0, 0, 0)
(5, 0, 2, 0, 0)
(13, 0, 10, 0, 0, 0, 0, 0, 0, 0, 0, 0, 0)
(5, 0, 2, 0, 0)
(5, 0, 2, 0, 0)
(8, 0, 5, 0, 0, 0, 0, 0)
(4, 0, 1, 0)
(4, 0, 1, 0)
(4, 0, 1, 0)
(18, 0, 15, 0, 0, 0, 0, 0, 0, 0, 0, 0, 0, 0, 0, 0, 0, 0)
(4, 0, 1, 0)
(4, 0, 1, 0)
(6, 0, 3, 0, 0, 0)
(19, 0, 16, 0, 0, 0, 0, 0, 0, 0, 0, 0, 0, 0, 0, 0, 0, 0, 0)
(4, 0, 1, 0)
(4, 0, 1, 0)
(4, 0, 1, 0)
(4, 0, 1, 0)
(32, 0, 29, 0, 0, 0, 0, 0, 0, 0, 0, 0, 0, 0, 0, 0, 0, 0, 0, 0, 0, 0, 0, 0, 0, 0, 0, 0, 0, 0, 0, 0)
(4, 0, 1, 0)
(4, 0, 1, 0)
(6, 0, 3, 0, 0, 0)
(5, 0, 2, 0, 0)
(4, 0, 1, 0)
(4, 0, 1, 0)
(4, 0, 1, 0)
(4, 0, 1, 0)
(15, 0, 12, 0, 0, 0, 0, 0, 0, 0, 0, 0, 0, 0, 4)
(8, 4, 1, 1145130834)
(4, 0, 1, 4)
(8, 4, 1, 1145130834)
(4, 0, 1, 21)
(7, 39006360, 1, 49)
(4, 10, 1, 1)
(8, 1145130834, 1, 33)
(5, 19, 1, 194)
(4, 49, 1, 10)
(6, 1, 1, 21323)
(7, 33, 1, 39006520)
(4, 68, 1, 5)
(8, 5, 1, 1145130834)
(4, 0, 1, 19)
(7, 39006600, 1, 49)
(4, 4, 1, 1)
(8, 1162628946, 1, 33)
(5, 23, 1, 397)
(4, 49, 1, 6)
(4, 1, 1, 0)
(7, 33, 1, 39006760)
(5, 296, 1, 4)
(8, 4, 1, 1297043282)
(4, 0, 1, 24)
(7, 39006840, 1, 49)
